0.3183	0.022	0.6704
52
8.960159
8.920635
8.881423
8.842520
8.803922
8.765625
8.727627
8.689923
8.652510
8.615385
8.578545
8.541985
8.505704
8.469698
8.433963
8.398497
8.363297
8.328359
8.293681
8.259260
8.225093
8.191178
8.157510
8.124089
8.090910
8.057972
8.025272
7.992807
7.960575
7.928573
7.896799
7.865250
7.833924
7.802819
7.771932
7.741260
7.710803
7.680557
7.650521
7.620692
7.591067
7.561646
7.532425
7.503403
7.474578
7.445948
7.417511
7.389264
7.361206
7.333336
7.305650
7.278148

#1st: z_start,z_end,boxsize,grid_number
#2nd: omegam,omegabh2,hh

6.314
7.815
