52
8.960159	9412.529297
8.920635	9402.538086
8.881423	9392.567383
8.842520	9382.615234
8.803922	9372.680664
8.765625	9362.768555
8.727627	9352.875977
8.689923	9342.999023
8.652510	9333.146484
8.615385	9323.311523
8.578545	9313.493164
8.541985	9303.699219
8.505704	9293.918945
8.469698	9284.158203
8.433963	9274.412109
8.398497	9264.691406
8.363297	9254.989258
8.328359	9245.305664
8.293681	9235.631836
8.259260	9225.980469
8.225093	9216.347656
8.191178	9206.743164
8.157510	9197.142578
8.124089	9187.562500
8.090910	9177.999023
8.057972	9168.456055
8.025272	9158.935547
7.992807	9149.420898
7.960575	9139.929688
7.928573	9130.456055
7.896799	9120.996094
7.865249	9111.559570
7.833924	9102.133789
7.802819	9092.725586
7.771932	9083.335938
7.741260	9073.958984
7.710803	9064.604492
7.680557	9055.261719
7.650521	9045.940430
7.620692	9036.630859
7.591067	9027.340820
7.561646	9018.066406
7.532425	9008.806641
7.503403	8999.561523
7.474578	8990.333984
7.445948	8981.122070
7.417511	8971.925781
7.389264	8962.749023
7.361206	8953.582031
7.333336	8944.430664
7.305650	8935.299805
7.278148	8926.175781
